
CurPopNum: 5


MaxIt: 25


Trial: 1


======================
Generation Number 1

     0     1     0     3     0     2     0

     2.427891504000000e+03

     0     2     3     1     0

     2.907891504000000e+03

     0     2     0     3     1     0

     1.249995552000000e+03

     0     3     1     0     2     0

     1.249995552000000e+03

     0     1     3     0     2     0

     1.249995552000000e+03


======================
Generation Number 2

     0     2     0     3     1     0

     1.249995552000000e+03

     0     2     0     3     1     0

     1.249995552000000e+03

     0     3     2     0     1     0

     1.778872922000000e+03

     0     3     2     1     0

     2.218872922000000e+03

     0     1     2     3     0

     2.218872922000000e+03


======================
Generation Number 3

     0     2     0     3     0     1     0

     2.427891504000000e+03

     0     2     0     1     3     0

     1.249995552000000e+03

     0     2     0     1     3     0

     1.249995552000000e+03

     0     2     0     1     3     0

     1.249995552000000e+03

     0     2     0     1     3     0

     1.249995552000000e+03


======================
Generation Number 4

     0     2     0     1     3     0

     1.249995552000000e+03

     0     2     0     1     3     0

     1.249995552000000e+03

     0     2     0     1     3     0

     1.249995552000000e+03

     0     1     0     3     2     0

     1.778872922000000e+03

     0     2     0     3     1     0

     1.249995552000000e+03


======================
Generation Number 5

     0     2     1     0     3     0

     1.242823002000000e+03

     0     2     0     1     3     0

     1.249995552000000e+03

     0     2     0     3     1     0

     1.249995552000000e+03

     0     3     1     0     2     0

     1.249995552000000e+03

     0     2     1     0     3     0

     1.242823002000000e+03


======================
Generation Number 6

     0     1     2     0     3     0

     1.242823002000000e+03

     0     2     1     3     0

     1.722823002000000e+03

     0     3     1     2     0

     1.722823002000000e+03

     0     2     3     1     0

     1.722823002000000e+03

     0     1     2     0     3     0

     1.242823002000000e+03


======================
Generation Number 7

     0     1     2     0     3     0

     1.242823002000000e+03

     0     2     1     3     0

     1.729995552000000e+03

     0     3     2     1     0

     1.729995552000000e+03

     0     2     0     3     1     0

     1.249995552000000e+03

     0     1     2     0     3     0

     1.242823002000000e+03


======================
Generation Number 8

     0     3     0     1     2     0

     1.242823002000000e+03

     0     2     1     3     0

     1.729995552000000e+03

     0     2     0     1     3     0

     1.249995552000000e+03

     0     3     0     1     2     0

     1.242823002000000e+03

     0     2     3     1     0

     1.729995552000000e+03


======================
Generation Number 9

     0     2     1     0     3     0

     1.242823002000000e+03

     0     2     1     0     3     0

     1.242823002000000e+03

     0     2     0     1     0     3     0

     2.427891504000000e+03

     0     1     3     0     2     0

     1.249995552000000e+03

     0     2     1     3     0

     2.907891504000000e+03


======================
Generation Number 10

     0     2     1     0     3     0

     1.242823002000000e+03

     0     2     0     1     0     3     0

     2.427891504000000e+03

     0     2     3     1     0

     2.907891504000000e+03

     0     2     1     0     3     0

     1.242823002000000e+03

     0     1     2     0     3     0

     1.242823002000000e+03


======================
Generation Number 11

     0     2     1     0     3     0

     1.242823002000000e+03

     0     1     2     3     0

     2.218872922000000e+03

     0     2     3     0     1     0

     1.778872922000000e+03

     0     2     3     0     1     0

     1.778872922000000e+03

     0     2     1     0     3     0

     1.242823002000000e+03


======================
Generation Number 12

     0     1     3     0     2     0

     1.249995552000000e+03

     0     1     3     2     0

     2.907891504000000e+03

     0     2     0     1     0     3     0

     2.427891504000000e+03

     0     1     3     0     2     0

     1.249995552000000e+03

     0     2     3     1     0

     2.907891504000000e+03


======================
Generation Number 13

     0     2     0     1     0     3     0

     2.427891504000000e+03

     0     3     1     0     2     0

     1.249995552000000e+03

     0     2     0     1     0     3     0

     2.427891504000000e+03

     0     3     1     0     2     0

     1.249995552000000e+03

     0     2     3     1     0

     2.907891504000000e+03


======================
Generation Number 14

     0     2     0     1     3     0

     1.249995552000000e+03

     0     1     2     0     3     0

     1.242823002000000e+03

     0     2     0     3     1     0

     1.249995552000000e+03

     0     2     0     3     1     0

     1.249995552000000e+03

     0     1     2     0     3     0

     1.242823002000000e+03


======================
Generation Number 15

     0     1     2     0     3     0

     1.242823002000000e+03

     0     2     0     1     3     0

     1.249995552000000e+03

     0     2     0     1     3     0

     1.249995552000000e+03

     0     2     3     0     1     0

     1.778872922000000e+03

     0     1     2     0     3     0

     1.242823002000000e+03


======================
Generation Number 16

     0     1     3     0     2     0

     1.249995552000000e+03

     0     2     0     3     1     0

     1.249995552000000e+03

     0     2     1     0     3     0

     1.242823002000000e+03

     0     2     1     0     3     0

     1.242823002000000e+03

     0     2     3     1     0

     1.729995552000000e+03


======================
Generation Number 17

     0     1     3     0     2     0

     1.249995552000000e+03

     0     2     1     0     3     0

     1.242823002000000e+03

     0     2     1     0     3     0

     1.242823002000000e+03

     0     3     1     0     2     0

     1.249995552000000e+03

     0     2     1     0     3     0

     1.242823002000000e+03


======================
Generation Number 18

     0     2     1     0     3     0

     1.242823002000000e+03

     0     2     1     0     3     0

     1.242823002000000e+03

     0     1     2     0     3     0

     1.242823002000000e+03

     0     3     1     0     2     0

     1.249995552000000e+03

     0     1     2     0     3     0

     1.242823002000000e+03


======================
Generation Number 19

     0     2     0     1     3     0

     1.249995552000000e+03

     0     2     0     1     3     0

     1.249995552000000e+03

     0     2     0     1     3     0

     1.249995552000000e+03

     0     2     3     0     1     0

     1.778872922000000e+03

     0     2     0     1     3     0

     1.249995552000000e+03


======================
Generation Number 20

     0     2     1     0     3     0

     1.242823002000000e+03

     0     2     3     1     0

     2.218872922000000e+03

     0     2     1     0     3     0

     1.242823002000000e+03

     0     2     3     0     1     0

     1.778872922000000e+03

     0     2     1     3     0

     2.218872922000000e+03


======================
Generation Number 21

     0     2     1     0     3     0

     1.242823002000000e+03

     0     2     1     3     0

     1.729995552000000e+03

     0     2     1     0     3     0

     1.242823002000000e+03

     0     3     1     0     2     0

     1.249995552000000e+03

     0     2     1     0     3     0

     1.242823002000000e+03


======================
Generation Number 22

     0     2     1     0     3     0

     1.242823002000000e+03

     0     2     1     0     3     0

     1.242823002000000e+03

     0     2     1     0     3     0

     1.242823002000000e+03

     0     3     1     0     2     0

     1.249995552000000e+03

     0     2     1     3     0

     1.729995552000000e+03


======================
Generation Number 23

     0     2     1     0     3     0

     1.242823002000000e+03

     0     2     0     1     3     0

     1.249995552000000e+03

     0     2     1     0     3     0

     1.242823002000000e+03

     0     2     3     1     0

     1.729995552000000e+03

     0     2     1     3     0

     1.729995552000000e+03


======================
Generation Number 24

     0     2     1     0     3     0

     1.242823002000000e+03

     0     2     1     3     0

     1.729995552000000e+03

     0     2     1     0     3     0

     1.242823002000000e+03

     0     2     0     1     3     0

     1.249995552000000e+03

     0     2     1     3     0

     1.729995552000000e+03


======================
Generation Number 25

     0     2     1     0     3     0

     1.242823002000000e+03

     0     2     1     0     3     0

     1.242823002000000e+03

     0     2     1     0     3     0

     1.242823002000000e+03

     0     2     1     3     0

     1.722823002000000e+03

     0     2     1     0     3     0

     1.242823002000000e+03

     0     2     1     0     3     0

Did Not Converge!
Number of Iterations: 25
Best Value: 1242.823002000000100
Worst Value: 1722.823002000000100
Mean: 1.338823002000000e+03

Running Time for this trial: 2.430334165333333e+01


Trial: 2


======================
Generation Number 1

     0     1     3     2     0

     1.729995552000000e+03

     0     3     1     0     2     0

     1.249995552000000e+03

     0     3     0     2     1     0

     1.242823002000000e+03

     0     1     3     2     0

     1.729995552000000e+03

     0     1     3     2     0

     1.729995552000000e+03


======================
Generation Number 2

     0     2     0     3     1     0

     1.249995552000000e+03

     0     3     0     1     2     0

     1.242823002000000e+03

     0     3     2     0     1     0

     1.778872922000000e+03

     0     3     0     1     2     0

     1.242823002000000e+03

     0     2     3     1     0

     2.218872922000000e+03


======================
Generation Number 3

     0     3     0     2     1     0

     1.242823002000000e+03

     0     2     3     0     1     0

     1.778872922000000e+03

     0     3     2     0     1     0

     1.778872922000000e+03

     0     3     0     2     1     0

     1.242823002000000e+03

     0     3     1     0     2     0

     1.249995552000000e+03


======================
Generation Number 4

     0     3     0     2     1     0

     1.242823002000000e+03

     0     3     0     2     1     0

     1.242823002000000e+03

     0     3     0     2     1     0

     1.242823002000000e+03

     0     3     0     1     2     0

     1.242823002000000e+03

     0     3     1     0     2     0

     1.249995552000000e+03


======================
Generation Number 5

     0     3     1     0     2     0

     1.249995552000000e+03

     0     3     0     2     1     0

     1.242823002000000e+03

     0     3     1     0     2     0

     1.249995552000000e+03

     0     1     3     2     0

     1.729995552000000e+03

     0     3     0     2     1     0

     1.242823002000000e+03


======================
Generation Number 6

     0     3     1     0     2     0

     1.249995552000000e+03

     0     1     3     2     0

     1.729995552000000e+03

     0     3     1     0     2     0

     1.249995552000000e+03

     0     1     2     3     0

     1.729995552000000e+03

     0     2     3     1     0

     1.729995552000000e+03


======================
Generation Number 7

     0     3     0     1     2     0

     1.242823002000000e+03

     0     3     0     1     2     0

     1.242823002000000e+03

     0     3     2     0     1     0

     1.778872922000000e+03

     0     3     0     1     2     0

     1.242823002000000e+03

     0     3     0     1     2     0

     1.242823002000000e+03


======================
Generation Number 8

     0     3     0     2     1     0

     1.242823002000000e+03

     0     3     0     2     1     0

     1.242823002000000e+03

     0     3     0     2     1     0

     1.242823002000000e+03

     0     3     0     2     1     0

     1.242823002000000e+03

     0     3     0     2     1     0

     1.242823002000000e+03


======================
Generation Number 9

     0     3     0     2     1     0

     1.242823002000000e+03

     0     3     0     2     1     0

     1.242823002000000e+03

     0     3     1     0     2     0

     1.249995552000000e+03

     0     3     0     1     2     0

     1.242823002000000e+03

     0     3     0     2     1     0

     1.242823002000000e+03


======================
Generation Number 10

     0     3     0     1     0     2     0

     2.427891504000000e+03

     0     2     1     3     0

     2.907891504000000e+03

     0     3     0     1     0     2     0

     2.427891504000000e+03

     0     3     1     2     0

     2.907891504000000e+03

     0     3     1     2     0

     2.907891504000000e+03


======================
Generation Number 11

     0     3     0     1     2     0

     1.242823002000000e+03

     0     1     2     0     3     0

     1.242823002000000e+03

     0     3     0     1     0     2     0

     2.427891504000000e+03

     0     3     0     1     2     0

     1.242823002000000e+03

     0     1     2     3     0

     2.907891504000000e+03


======================
Generation Number 12

     0     3     0     2     1     0

     1.242823002000000e+03

     0     3     0     1     2     0

     1.242823002000000e+03

     0     3     0     2     1     0

     1.242823002000000e+03

     0     3     0     1     2     0

     1.242823002000000e+03

     0     3     0     2     1     0

     1.242823002000000e+03


======================
Generation Number 13

     0     3     0     1     2     0

     1.242823002000000e+03

     0     3     0     2     1     0

     1.242823002000000e+03

     0     3     0     2     1     0

     1.242823002000000e+03

     0     3     0     1     2     0

     1.242823002000000e+03

     0     3     0     2     1     0

     1.242823002000000e+03

     0     3     0     2     1     0

Population Converged!
Number of Iterations: 13
Best Value: 1242.823002000000100
Worst Value: 1242.823002000000100
Mean: 1242.823002000000100
Running Time for this trial: 1.228431872000000e+01


Trial: 3


======================
Generation Number 1

     0     1     2     0     3     0

     1.242823002000000e+03

     0     2     3     1     0

     2.218872922000000e+03

     0     3     2     0     1     0

     1.778872922000000e+03

     0     3     2     0     1     0

     1.778872922000000e+03

     0     1     0     3     2     0

     1.778872922000000e+03


======================
Generation Number 2

     0     2     0     1     3     0

     1.249995552000000e+03

     0     1     0     2     3     0

     1.778872922000000e+03

     0     2     0     1     3     0

     1.249995552000000e+03

     0     1     0     3     2     0

     1.778872922000000e+03

     0     2     3     1     0

     2.218872922000000e+03


======================
Generation Number 3

     0     1     0     3     2     0

     1.778872922000000e+03

     0     1     0     2     3     0

     1.778872922000000e+03

     0     1     2     0     3     0

     1.242823002000000e+03

     0     1     0     2     3     0

     1.778872922000000e+03

     0     1     2     0     3     0

     1.242823002000000e+03


======================
Generation Number 4

     0     1     0     3     0     2     0

     2.427891504000000e+03

     0     1     2     0     3     0

     1.242823002000000e+03

     0     1     0     2     0     3     0

     2.427891504000000e+03

     0     2     3     0     1     0

     2.467891504000000e+03

     0     1     2     0     3     0

     1.242823002000000e+03


======================
Generation Number 5

     0     1     0     2     3     0

     1.778872922000000e+03

     0     1     2     0     3     0

     1.242823002000000e+03

     0     1     2     0     3     0

     1.242823002000000e+03

     0     2     3     0     1     0

     1.778872922000000e+03

     0     1     0     2     3     0

     1.778872922000000e+03


======================
Generation Number 6

     0     1     0     2     0     3     0

     2.427891504000000e+03

     0     1     0     2     0     3     0

     2.427891504000000e+03

     0     2     0     1     0     3     0

     2.427891504000000e+03

     0     1     0     2     0     3     0

     2.427891504000000e+03

     0     1     0     2     0     3     0

     2.427891504000000e+03


======================
Generation Number 7

     0     2     0     1     3     0

     1.249995552000000e+03

     0     1     2     0     3     0

     1.242823002000000e+03

     0     2     0     1     0     3     0

     2.427891504000000e+03

     0     1     0     2     3     0

     2.467891504000000e+03

     0     1     2     0     3     0

     1.242823002000000e+03


======================
Generation Number 8

     0     1     3     0     2     0

     1.249995552000000e+03

     0     1     2     0     3     0

     1.242823002000000e+03

     0     1     2     0     3     0

     1.242823002000000e+03

     0     1     0     3     2     0

     1.778872922000000e+03

     0     1     2     0     3     0

     1.242823002000000e+03


======================
Generation Number 9

     0     1     3     0     2     0

     1.249995552000000e+03

     0     1     3     0     2     0

     1.249995552000000e+03

     0     1     0     2     0     3     0

     2.427891504000000e+03

     0     1     3     0     2     0

     1.249995552000000e+03

     0     1     0     2     3     0

     2.467891504000000e+03


======================
Generation Number 10

     0     1     2     0     3     0

     1.242823002000000e+03

     0     1     2     0     3     0

     1.242823002000000e+03

     0     1     2     0     3     0

     1.242823002000000e+03

     0     1     2     0     3     0

     1.242823002000000e+03

     0     1     2     0     3     0

     1.242823002000000e+03


======================
Generation Number 11

     0     2     1     0     3     0

     1.242823002000000e+03

     0     1     2     0     3     0

     1.242823002000000e+03

     0     1     2     0     3     0

     1.242823002000000e+03

     0     2     1     0     3     0

     1.242823002000000e+03

     0     1     2     0     3     0

     1.242823002000000e+03

     0     1     2     0     3     0

Population Converged!
Number of Iterations: 11
Best Value: 1242.823002000000100
Worst Value: 1242.823002000000100
Mean: 1242.823002000000100
Running Time for this trial: 1.018006442666667e+01


Trial: 4


======================
Generation Number 1

     0     2     3     1     0

     2.907891504000000e+03

     0     2     3     0     1     0

     2.467891504000000e+03

     0     1     0     2     0     3     0

     2.427891504000000e+03

     0     3     1     2     0

     2.907891504000000e+03

     0     3     1     2     0

     2.907891504000000e+03


======================
Generation Number 2

     0     1     0     3     2     0

     1.778872922000000e+03

     0     2     0     1     3     0

     1.249995552000000e+03

     0     2     0     1     3     0

     1.249995552000000e+03

     0     1     0     2     3     0

     1.778872922000000e+03

     0     2     0     1     3     0

     1.249995552000000e+03


======================
Generation Number 3

     0     2     0     3     1     0

     1.249995552000000e+03

     0     2     1     3     0

     2.907891504000000e+03

     0     2     0     3     1     0

     1.249995552000000e+03

     0     1     0     2     3     0

     2.467891504000000e+03

     0     2     0     1     0     3     0

     2.427891504000000e+03


======================
Generation Number 4

     0     2     0     1     3     0

     1.249995552000000e+03

     0     2     0     3     1     0

     1.249995552000000e+03

     0     2     0     3     1     0

     1.249995552000000e+03

     0     2     0     1     3     0

     1.249995552000000e+03

     0     2     0     1     3     0

     1.249995552000000e+03


======================
Generation Number 5

     0     2     0     3     1     0

     1.249995552000000e+03

     0     2     0     3     1     0

     1.249995552000000e+03

     0     2     0     3     1     0

     1.249995552000000e+03

     0     2     0     3     1     0

     1.249995552000000e+03

     0     2     0     3     1     0

     1.249995552000000e+03

     0     2     0     3     1     0

Population Converged!
Number of Iterations: 5
Best Value: 1249.995552000000100
Worst Value: 1249.995552000000100
Mean: 1249.995552000000100
Running Time for this trial: 4.129437440000000e+00


Trial: 5


======================
Generation Number 1

     0     2     3     0     1     0

     1.778872922000000e+03

     0     2     1     3     0

     2.218872922000000e+03

     0     2     1     0     3     0

     1.242823002000000e+03

     0     1     3     2     0

     2.218872922000000e+03

     0     1     2     0     3     0

     1.242823002000000e+03


======================
Generation Number 2

     0     2     1     0     3     0

     1.242823002000000e+03

     0     2     1     0     3     0

     1.242823002000000e+03

     0     2     1     0     3     0

     1.242823002000000e+03

     0     1     3     0     2     0

     1.249995552000000e+03

     0     2     1     3     0

     1.729995552000000e+03


======================
Generation Number 3

     0     2     1     0     3     0

     1.242823002000000e+03

     0     2     1     0     3     0

     1.242823002000000e+03

     0     2     1     0     3     0

     1.242823002000000e+03

     0     1     2     0     3     0

     1.242823002000000e+03

     0     1     2     0     3     0

     1.242823002000000e+03


======================
Generation Number 4

     0     2     0     1     3     0

     1.249995552000000e+03

     0     2     0     1     0     3     0

     2.427891504000000e+03

     0     1     2     0     3     0

     1.242823002000000e+03

     0     2     0     1     0     3     0

     2.427891504000000e+03

     0     1     2     0     3     0

     1.242823002000000e+03


======================
Generation Number 5

     0     2     1     0     3     0

     1.242823002000000e+03

     0     2     0     1     3     0

     1.249995552000000e+03

     0     2     1     0     3     0

     1.242823002000000e+03

     0     2     1     0     3     0

     1.242823002000000e+03

     0     2     1     0     3     0

     1.242823002000000e+03


======================
Generation Number 6

     0     2     1     0     3     0

     1.242823002000000e+03

     0     2     0     1     0     3     0

     2.427891504000000e+03

     0     2     1     0     3     0

     1.242823002000000e+03

     0     2     1     0     3     0

     1.242823002000000e+03

     0     2     1     0     3     0

     1.242823002000000e+03


======================
Generation Number 7

     0     2     1     0     3     0

     1.242823002000000e+03

     0     2     0     1     0     3     0

     2.427891504000000e+03

     0     2     1     0     3     0

     1.242823002000000e+03

     0     1     2     3     0

     2.907891504000000e+03

     0     1     2     0     3     0

     1.242823002000000e+03


======================
Generation Number 8

     0     2     1     0     3     0

     1.242823002000000e+03

     0     2     1     0     3     0

     1.242823002000000e+03

     0     2     1     0     3     0

     1.242823002000000e+03

     0     1     0     2     3     0

     1.778872922000000e+03

     0     1     2     0     3     0

     1.242823002000000e+03


======================
Generation Number 9

     0     2     1     0     3     0

     1.242823002000000e+03

     0     2     0     1     0     3     0

     2.427891504000000e+03

     0     2     1     0     3     0

     1.242823002000000e+03

     0     2     1     0     3     0

     1.242823002000000e+03

     0     2     1     0     3     0

     1.242823002000000e+03


======================
Generation Number 10

     0     2     1     0     3     0

     1.242823002000000e+03

     0     2     0     1     0     3     0

     2.427891504000000e+03

     0     2     1     3     0

     2.907891504000000e+03

     0     2     1     0     3     0

     1.242823002000000e+03

     0     2     1     0     3     0

     1.242823002000000e+03


======================
Generation Number 11

     0     2     1     0     3     0

     1.242823002000000e+03

     0     2     1     0     3     0

     1.242823002000000e+03

     0     2     1     3     0

     1.722823002000000e+03

     0     2     1     0     3     0

     1.242823002000000e+03

     0     1     2     0     3     0

     1.242823002000000e+03


======================
Generation Number 12

     0     2     1     0     3     0

     1.242823002000000e+03

     0     2     1     0     3     0

     1.242823002000000e+03

     0     2     0     1     0     3     0

     2.427891504000000e+03

     0     2     1     0     3     0

     1.242823002000000e+03

     0     2     1     0     3     0

     1.242823002000000e+03


======================
Generation Number 13

     0     2     1     0     3     0

     1.242823002000000e+03

     0     2     1     0     3     0

     1.242823002000000e+03

     0     2     1     0     3     0

     1.242823002000000e+03

     0     1     3     0     2     0

     1.249995552000000e+03

     0     2     1     0     3     0

     1.242823002000000e+03


======================
Generation Number 14

     0     2     1     0     3     0

     1.242823002000000e+03

     0     2     1     0     3     0

     1.242823002000000e+03

     0     2     1     0     3     0

     1.242823002000000e+03

     0     2     1     0     3     0

     1.242823002000000e+03

     0     2     1     0     3     0

     1.242823002000000e+03


======================
Generation Number 15

     0     2     1     0     3     0

     1.242823002000000e+03

     0     2     0     1     0     3     0

     2.427891504000000e+03

     0     2     1     0     3     0

     1.242823002000000e+03

     0     2     1     0     3     0

     1.242823002000000e+03

     0     1     2     0     3     0

     1.242823002000000e+03


======================
Generation Number 16

     0     2     1     0     3     0

     1.242823002000000e+03

     0     2     1     0     3     0

     1.242823002000000e+03

     0     2     0     1     0     3     0

     2.427891504000000e+03

     0     2     1     0     3     0

     1.242823002000000e+03

     0     2     1     0     3     0

     1.242823002000000e+03


======================
Generation Number 17

     0     2     1     0     3     0

     1.242823002000000e+03

     0     2     1     0     3     0

     1.242823002000000e+03

     0     2     1     0     3     0

     1.242823002000000e+03

     0     1     2     0     3     0

     1.242823002000000e+03

     0     2     1     0     3     0

     1.242823002000000e+03


======================
Generation Number 18

     0     2     1     0     3     0

     1.242823002000000e+03

     0     2     0     1     0     3     0

     2.427891504000000e+03

     0     2     1     0     3     0

     1.242823002000000e+03

     0     2     1     0     3     0

     1.242823002000000e+03

     0     1     2     0     3     0

     1.242823002000000e+03


======================
Generation Number 19

     0     2     0     1     0     3     0

     2.427891504000000e+03

     0     2     1     0     3     0

     1.242823002000000e+03

     0     2     1     0     3     0

     1.242823002000000e+03

     0     2     1     3     0

     2.907891504000000e+03

     0     1     0     2     3     0

     2.467891504000000e+03


======================
Generation Number 20

     0     2     1     0     3     0

     1.242823002000000e+03

     0     2     0     1     0     3     0

     2.427891504000000e+03

     0     2     1     0     3     0

     1.242823002000000e+03

     0     2     1     0     3     0

     1.242823002000000e+03

     0     1     2     0     3     0

     1.242823002000000e+03


======================
Generation Number 21

     0     2     0     1     0     3     0

     2.427891504000000e+03

     0     2     0     1     0     3     0

     2.427891504000000e+03

     0     1     2     0     3     0

     1.242823002000000e+03

     0     1     2     0     3     0

     1.242823002000000e+03

     0     2     1     0     3     0

     1.242823002000000e+03


======================
Generation Number 22

     0     2     1     0     3     0

     1.242823002000000e+03

     0     2     1     0     3     0

     1.242823002000000e+03

     0     2     0     1     3     0

     1.249995552000000e+03

     0     2     1     0     3     0

     1.242823002000000e+03

     0     1     2     0     3     0

     1.242823002000000e+03


======================
Generation Number 23

     0     2     1     0     3     0

     1.242823002000000e+03

     0     2     1     0     3     0

     1.242823002000000e+03

     0     2     1     0     3     0

     1.242823002000000e+03

     0     2     1     0     3     0

     1.242823002000000e+03

     0     1     2     0     3     0

     1.242823002000000e+03


======================
Generation Number 24

     0     2     1     0     3     0

     1.242823002000000e+03

     0     2     1     0     3     0

     1.242823002000000e+03

     0     2     1     0     3     0

     1.242823002000000e+03

     0     2     1     0     3     0

     1.242823002000000e+03

     0     2     1     0     3     0

     1.242823002000000e+03

     0     2     1     0     3     0

Population Converged!
Number of Iterations: 24
Best Value: 1242.823002000000100
Worst Value: 1242.823002000000100
Mean: 1242.823002000000100
Running Time for this trial: 2.836844885333333e+01


Trial: 6


======================
Generation Number 1

     0     1     0     3     2     0

     2.467891504000000e+03

     0     2     1     3     0

     2.907891504000000e+03

     0     3     1     0     2     0

     1.249995552000000e+03

     0     3     1     0     2     0

     1.249995552000000e+03

     0     2     0     1     0     3     0

     2.427891504000000e+03


======================
Generation Number 2

     0     3     0     1     0     2     0

     2.427891504000000e+03

     0     3     0     1     0     2     0

     2.427891504000000e+03

     0     3     2     0     1     0

     2.467891504000000e+03

     0     1     3     2     0

     2.907891504000000e+03

     0     1     0     2     3     0

     2.467891504000000e+03


======================
Generation Number 3

     0     3     0     2     1     0

     1.242823002000000e+03

     0     3     0     1     0     2     0

     2.427891504000000e+03

     0     3     0     2     1     0

     1.242823002000000e+03

     0     3     1     0     2     0

     1.249995552000000e+03

     0     1     0     3     2     0

     2.467891504000000e+03


======================
Generation Number 4

     0     3     0     1     2     0

     1.242823002000000e+03

     0     3     0     1     0     2     0

     2.427891504000000e+03

     0     3     1     0     2     0

     1.249995552000000e+03

     0     3     0     1     2     0

     1.242823002000000e+03

     0     3     2     0     1     0

     2.467891504000000e+03


======================
Generation Number 5

     0     3     0     1     2     0

     1.242823002000000e+03

     0     3     0     1     2     0

     1.242823002000000e+03

     0     3     0     2     1     0

     1.242823002000000e+03

     0     3     0     1     2     0

     1.242823002000000e+03

     0     2     0     3     1     0

     1.249995552000000e+03


======================
Generation Number 6

     0     3     0     2     1     0

     1.242823002000000e+03

     0     2     3     0     1     0

     1.778872922000000e+03

     0     3     0     2     1     0

     1.242823002000000e+03

     0     3     0     1     2     0

     1.242823002000000e+03

     0     2     3     1     0

     2.218872922000000e+03


======================
Generation Number 7

     0     3     0     1     2     0

     1.242823002000000e+03

     0     3     2     0     1     0

     1.778872922000000e+03

     0     3     0     1     2     0

     1.242823002000000e+03

     0     3     1     2     0

     2.218872922000000e+03

     0     3     2     0     1     0

     1.778872922000000e+03


======================
Generation Number 8

     0     3     0     1     2     0

     1.242823002000000e+03

     0     3     0     1     0     2     0

     2.427891504000000e+03

     0     3     1     0     2     0

     1.249995552000000e+03

     0     3     0     1     2     0

     1.242823002000000e+03

     0     3     2     0     1     0

     2.467891504000000e+03


======================
Generation Number 9

     0     3     0     1     2     0

     1.242823002000000e+03

     0     3     0     1     0     2     0

     2.427891504000000e+03

     0     3     1     0     2     0

     1.249995552000000e+03

     0     3     0     1     2     0

     1.242823002000000e+03

     0     2     0     3     1     0

     1.249995552000000e+03


======================
Generation Number 10

     0     3     0     2     1     0

     1.242823002000000e+03

     0     2     0     3     0     1     0

     2.427891504000000e+03

     0     3     0     2     1     0

     1.242823002000000e+03

     0     3     0     1     2     0

     1.242823002000000e+03

     0     2     0     3     1     0

     1.249995552000000e+03


======================
Generation Number 11

     0     3     0     2     1     0

     1.242823002000000e+03

     0     2     0     3     1     0

     1.249995552000000e+03

     0     3     0     2     1     0

     1.242823002000000e+03

     0     3     0     1     2     0

     1.242823002000000e+03

     0     2     0     3     1     0

     1.249995552000000e+03


======================
Generation Number 12

     0     3     0     2     1     0

     1.242823002000000e+03

     0     2     0     3     1     0

     1.249995552000000e+03

     0     3     0     2     1     0

     1.242823002000000e+03

     0     3     0     1     2     0

     1.242823002000000e+03

     0     2     3     0     1     0

     1.778872922000000e+03


======================
Generation Number 13

     0     3     0     1     2     0

     1.242823002000000e+03

     0     3     1     0     2     0

     1.249995552000000e+03

     0     3     0     1     2     0

     1.242823002000000e+03

     0     3     2     1     0

     1.729995552000000e+03

     0     2     0     3     1     0

     1.249995552000000e+03


======================
Generation Number 14

     0     3     0     1     2     0

     1.242823002000000e+03

     0     3     0     1     0     2     0

     2.427891504000000e+03

     0     3     0     1     2     0

     1.242823002000000e+03

     0     3     0     1     2     0

     1.242823002000000e+03

     0     2     3     1     0

     2.907891504000000e+03


======================
Generation Number 15

     0     3     0     2     1     0

     1.242823002000000e+03

     0     3     0     2     1     0

     1.242823002000000e+03

     0     3     0     2     1     0

     1.242823002000000e+03

     0     3     0     1     2     0

     1.242823002000000e+03

     0     3     1     0     2     0

     1.249995552000000e+03


======================
Generation Number 16

     0     3     0     2     1     0

     1.242823002000000e+03

     0     3     0     2     1     0

     1.242823002000000e+03

     0     3     0     2     1     0

     1.242823002000000e+03

     0     3     0     1     2     0

     1.242823002000000e+03

     0     3     0     2     1     0

     1.242823002000000e+03


======================
Generation Number 17

     0     3     0     2     1     0

     1.242823002000000e+03

     0     3     0     1     2     0

     1.242823002000000e+03

     0     3     0     1     2     0

     1.242823002000000e+03

     0     3     0     1     2     0

     1.242823002000000e+03

     0     3     0     2     1     0

     1.242823002000000e+03

     0     3     0     2     1     0

Population Converged!
Number of Iterations: 17
Best Value: 1242.823002000000100
Worst Value: 1242.823002000000100
Mean: 1242.823002000000100
Running Time for this trial: 2.646605866666667e+01


Trial: 7


======================
Generation Number 1

     0     1     0     3     2     0

     2.467891504000000e+03

     0     1     2     0     3     0

     1.242823002000000e+03

     0     1     3     2     0

     2.907891504000000e+03

     0     2     1     0     3     0

     1.242823002000000e+03

     0     1     0     3     0     2     0

     2.427891504000000e+03


======================
Generation Number 2

     0     1     0     2     3     0

     1.778872922000000e+03

     0     1     2     0     3     0

     1.242823002000000e+03

     0     2     1     0     3     0

     1.242823002000000e+03

     0     1     0     2     3     0

     1.778872922000000e+03

     0     1     2     0     3     0

     1.242823002000000e+03


======================
Generation Number 3

     0     1     0     2     0     3     0

     2.427891504000000e+03

     0     1     2     0     3     0

     1.242823002000000e+03

     0     1     2     0     3     0

     1.242823002000000e+03

     0     2     1     3     0

     2.907891504000000e+03

     0     2     1     0     3     0

     1.242823002000000e+03


======================
Generation Number 4

     0     1     2     0     3     0

     1.242823002000000e+03

     0     1     2     0     3     0

     1.242823002000000e+03

     0     2     1     3     0

     2.907891504000000e+03

     0     2     0     3     0     1     0

     2.427891504000000e+03

     0     2     1     0     3     0

     1.242823002000000e+03


======================
Generation Number 5

     0     1     2     0     3     0

     1.242823002000000e+03

     0     1     2     3     0

     2.218872922000000e+03

     0     1     3     2     0

     2.218872922000000e+03

     0     2     3     0     1     0

     1.778872922000000e+03

     0     1     2     0     3     0

     1.242823002000000e+03


======================
Generation Number 6

     0     3     2     0     1     0

     2.467891504000000e+03

     0     1     0     2     0     3     0

     2.427891504000000e+03

     0     1     0     2     0     3     0

     2.427891504000000e+03

     0     2     3     1     0

     2.907891504000000e+03

     0     1     0     2     0     3     0

     2.427891504000000e+03


======================
Generation Number 7

     0     2     0     1     0     3     0

     2.427891504000000e+03

     0     1     2     0     3     0

     1.242823002000000e+03

     0     1     2     0     3     0

     1.242823002000000e+03

     0     1     0     2     0     3     0

     2.427891504000000e+03

     0     1     0     2     0     3     0

     2.427891504000000e+03


======================
Generation Number 8

     0     1     2     0     3     0

     1.242823002000000e+03

     0     1     2     0     3     0

     1.242823002000000e+03

     0     2     1     3     0

     2.218872922000000e+03

     0     1     0     2     3     0

     1.778872922000000e+03

     0     1     2     0     3     0

     1.242823002000000e+03


======================
Generation Number 9

     0     1     2     0     3     0

     1.242823002000000e+03

     0     1     2     0     3     0

     1.242823002000000e+03

     0     1     2     0     3     0

     1.242823002000000e+03

     0     2     1     0     3     0

     1.242823002000000e+03

     0     2     0     1     3     0

     1.249995552000000e+03


======================
Generation Number 10

     0     1     2     0     3     0

     1.242823002000000e+03

     0     1     2     0     3     0

     1.242823002000000e+03

     0     2     1     3     0

     2.218872922000000e+03

     0     2     3     0     1     0

     1.778872922000000e+03

     0     2     0     3     1     0

     1.249995552000000e+03


======================
Generation Number 11

     0     1     2     0     3     0

     1.242823002000000e+03

     0     1     2     0     3     0

     1.242823002000000e+03

     0     2     1     0     3     0

     1.242823002000000e+03

     0     1     2     0     3     0

     1.242823002000000e+03

     0     2     1     0     3     0

     1.242823002000000e+03


======================
Generation Number 12

     0     1     2     0     3     0

     1.242823002000000e+03

     0     1     2     0     3     0

     1.242823002000000e+03

     0     1     2     0     3     0

     1.242823002000000e+03

     0     1     0     2     0     3     0

     2.427891504000000e+03

     0     1     2     0     3     0

     1.242823002000000e+03


======================
Generation Number 13

     0     1     2     0     3     0

     1.242823002000000e+03

     0     1     2     0     3     0

     1.242823002000000e+03

     0     1     2     0     3     0

     1.242823002000000e+03

     0     2     0     1     3     0

     1.249995552000000e+03

     0     2     1     0     3     0

     1.242823002000000e+03


======================
Generation Number 14

     0     1     2     0     3     0

     1.242823002000000e+03

     0     3     1     0     2     0

     1.249995552000000e+03

     0     2     1     0     3     0

     1.242823002000000e+03

     0     2     1     0     3     0

     1.242823002000000e+03

     0     1     2     0     3     0

     1.242823002000000e+03


======================
Generation Number 15

     0     1     2     0     3     0

     1.242823002000000e+03

     0     1     0     2     0     3     0

     2.427891504000000e+03

     0     2     1     0     3     0

     1.242823002000000e+03

     0     1     2     0     3     0

     1.242823002000000e+03

     0     1     2     0     3     0

     1.242823002000000e+03


======================
Generation Number 16

     0     1     2     0     3     0

     1.242823002000000e+03

     0     1     2     0     3     0

     1.242823002000000e+03

     0     2     1     0     3     0

     1.242823002000000e+03

     0     1     2     0     3     0

     1.242823002000000e+03

     0     1     2     0     3     0

     1.242823002000000e+03


======================
Generation Number 17

     0     1     2     0     3     0

     1.242823002000000e+03

     0     1     2     0     3     0

     1.242823002000000e+03

     0     1     2     0     3     0

     1.242823002000000e+03

     0     1     2     0     3     0

     1.242823002000000e+03

     0     1     2     0     3     0

     1.242823002000000e+03

     0     1     2     0     3     0

Population Converged!
Number of Iterations: 17
Best Value: 1242.823002000000100
Worst Value: 1242.823002000000100
Mean: 1242.823002000000100
Running Time for this trial: 2.632718122666667e+01


Trial: 8


======================
Generation Number 1

     0     1     2     3     0

     2.218872922000000e+03

     0     1     3     2     0

     2.218872922000000e+03

     0     1     2     0     3     0

     1.242823002000000e+03

     0     2     3     0     1     0

     1.778872922000000e+03

     0     3     1     2     0

     2.218872922000000e+03


======================
Generation Number 2

     0     1     2     0     3     0

     1.242823002000000e+03

     0     2     0     3     1     0

     1.249995552000000e+03

     0     1     2     0     3     0

     1.242823002000000e+03

     0     1     2     0     3     0

     1.242823002000000e+03

     0     2     1     3     0

     1.729995552000000e+03


======================
Generation Number 3

     0     2     1     0     3     0

     1.242823002000000e+03

     0     2     0     3     1     0

     1.249995552000000e+03

     0     1     2     0     3     0

     1.242823002000000e+03

     0     2     1     0     3     0

     1.242823002000000e+03

     0     2     1     0     3     0

     1.242823002000000e+03


======================
Generation Number 4

     0     1     2     0     3     0

     1.242823002000000e+03

     0     1     2     0     3     0

     1.242823002000000e+03

     0     1     2     0     3     0

     1.242823002000000e+03

     0     1     0     3     0     2     0

     2.427891504000000e+03

     0     1     2     0     3     0

     1.242823002000000e+03


======================
Generation Number 5

     0     1     2     0     3     0

     1.242823002000000e+03

     0     1     2     0     3     0

     1.242823002000000e+03

     0     2     1     0     3     0

     1.242823002000000e+03

     0     1     3     0     2     0

     1.249995552000000e+03

     0     1     2     0     3     0

     1.242823002000000e+03


======================
Generation Number 6

     0     1     2     0     3     0

     1.242823002000000e+03

     0     1     2     0     3     0

     1.242823002000000e+03

     0     1     2     0     3     0

     1.242823002000000e+03

     0     2     1     0     3     0

     1.242823002000000e+03

     0     2     1     0     3     0

     1.242823002000000e+03


======================
Generation Number 7

     0     2     0     1     0     3     0

     2.427891504000000e+03

     0     1     2     0     3     0

     1.242823002000000e+03

     0     1     2     0     3     0

     1.242823002000000e+03

     0     2     0     1     0     3     0

     2.427891504000000e+03

     0     2     1     0     3     0

     1.242823002000000e+03


======================
Generation Number 8

     0     1     2     0     3     0

     1.242823002000000e+03

     0     1     2     0     3     0

     1.242823002000000e+03

     0     1     2     0     3     0

     1.242823002000000e+03

     0     2     0     1     0     3     0

     2.427891504000000e+03

     0     2     1     0     3     0

     1.242823002000000e+03


======================
Generation Number 9

     0     1     2     0     3     0

     1.242823002000000e+03

     0     1     2     0     3     0

     1.242823002000000e+03

     0     1     2     0     3     0

     1.242823002000000e+03

     0     1     0     3     2     0

     2.467891504000000e+03

     0     1     0     2     0     3     0

     2.427891504000000e+03


======================
Generation Number 10

     0     2     0     1     0     3     0

     2.427891504000000e+03

     0     1     2     0     3     0

     1.242823002000000e+03

     0     1     2     0     3     0

     1.242823002000000e+03

     0     1     3     0     2     0

     1.249995552000000e+03

     0     2     1     0     3     0

     1.242823002000000e+03


======================
Generation Number 11

     0     1     2     0     3     0

     1.242823002000000e+03

     0     1     2     0     3     0

     1.242823002000000e+03

     0     1     2     0     3     0

     1.242823002000000e+03

     0     1     2     0     3     0

     1.242823002000000e+03

     0     2     1     0     3     0

     1.242823002000000e+03


======================
Generation Number 12

     0     1     2     0     3     0

     1.242823002000000e+03

     0     3     0     1     2     0

     1.242823002000000e+03

     0     1     2     0     3     0

     1.242823002000000e+03

     0     1     2     0     3     0

     1.242823002000000e+03

     0     2     1     0     3     0

     1.242823002000000e+03

     0     2     1     0     3     0

Population Converged!
Number of Iterations: 12
Best Value: 1242.823002000000100
Worst Value: 1242.823002000000100
Mean: 1242.823002000000100
Running Time for this trial: 1.802439338666667e+01


Trial: 9


======================
Generation Number 1

     0     3     0     1     0     2     0

     2.427891504000000e+03

     0     2     0     1     3     0

     1.249995552000000e+03

     0     2     0     1     3     0

     1.249995552000000e+03

     0     2     3     0     1     0

     2.467891504000000e+03

     0     1     3     2     0

     2.907891504000000e+03


======================
Generation Number 2

     0     2     3     0     1     0

     1.778872922000000e+03

     0     2     0     1     3     0

     1.249995552000000e+03

     0     1     2     0     3     0

     1.242823002000000e+03

     0     2     0     3     1     0

     1.249995552000000e+03

     0     1     2     0     3     0

     1.242823002000000e+03


======================
Generation Number 3

     0     1     2     0     3     0

     1.242823002000000e+03

     0     1     2     0     3     0

     1.242823002000000e+03

     0     1     2     0     3     0

     1.242823002000000e+03

     0     2     0     1     3     0

     1.249995552000000e+03

     0     2     0     1     3     0

     1.249995552000000e+03


======================
Generation Number 4

     0     2     1     0     3     0

     1.242823002000000e+03

     0     2     1     0     3     0

     1.242823002000000e+03

     0     1     2     0     3     0

     1.242823002000000e+03

     0     2     0     1     3     0

     1.249995552000000e+03

     0     1     2     0     3     0

     1.242823002000000e+03


======================
Generation Number 5

     0     1     2     0     3     0

     1.242823002000000e+03

     0     1     2     0     3     0

     1.242823002000000e+03

     0     2     0     1     3     0

     1.249995552000000e+03

     0     1     3     0     2     0

     1.249995552000000e+03

     0     1     2     0     3     0

     1.242823002000000e+03


======================
Generation Number 6

     0     1     2     0     3     0

     1.242823002000000e+03

     0     3     1     0     2     0

     1.249995552000000e+03

     0     1     2     0     3     0

     1.242823002000000e+03

     0     2     1     0     3     0

     1.242823002000000e+03

     0     2     1     0     3     0

     1.242823002000000e+03


======================
Generation Number 7

     0     1     2     0     3     0

     1.242823002000000e+03

     0     1     3     0     2     0

     1.249995552000000e+03

     0     1     2     0     3     0

     1.242823002000000e+03

     0     2     0     1     3     0

     1.249995552000000e+03

     0     2     0     1     3     0

     1.249995552000000e+03


======================
Generation Number 8

     0     2     1     0     3     0

     1.242823002000000e+03

     0     2     1     0     3     0

     1.242823002000000e+03

     0     1     2     0     3     0

     1.242823002000000e+03

     0     1     2     0     3     0

     1.242823002000000e+03

     0     1     2     0     3     0

     1.242823002000000e+03


======================
Generation Number 9

     0     2     1     0     3     0

     1.242823002000000e+03

     0     2     1     0     3     0

     1.242823002000000e+03

     0     2     1     0     3     0

     1.242823002000000e+03

     0     2     1     0     3     0

     1.242823002000000e+03

     0     1     2     0     3     0

     1.242823002000000e+03

     0     1     2     0     3     0

Population Converged!
Number of Iterations: 9
Best Value: 1242.823002000000100
Worst Value: 1242.823002000000100
Mean: 1242.823002000000100
Running Time for this trial: 1.304756906666667e+01


Trial: 10


======================
Generation Number 1

     0     1     0     2     0     3     0

     2.427891504000000e+03

     0     3     1     2     0

     2.907891504000000e+03

     0     1     0     2     0     3     0

     2.427891504000000e+03

     0     1     0     2     3     0

     2.467891504000000e+03

     0     2     1     3     0

     2.907891504000000e+03


======================
Generation Number 2

     0     1     0     2     3     0

     1.778872922000000e+03

     0     1     0     2     3     0

     1.778872922000000e+03

     0     1     0     2     3     0

     1.778872922000000e+03

     0     2     3     1     0

     2.218872922000000e+03

     0     2     3     0     1     0

     1.778872922000000e+03


======================
Generation Number 3

     0     1     0     2     3     0

     1.778872922000000e+03

     0     1     2     0     3     0

     1.242823002000000e+03

     0     1     2     0     3     0

     1.242823002000000e+03

     0     1     2     0     3     0

     1.242823002000000e+03

     0     3     2     0     1     0

     1.778872922000000e+03


======================
Generation Number 4

     0     1     2     0     3     0

     1.242823002000000e+03

     0     1     2     0     3     0

     1.242823002000000e+03

     0     1     0     2     0     3     0

     2.427891504000000e+03

     0     1     2     0     3     0

     1.242823002000000e+03

     0     1     0     2     3     0

     2.467891504000000e+03


======================
Generation Number 5

     0     1     2     0     3     0

     1.242823002000000e+03

     0     1     2     0     3     0

     1.242823002000000e+03

     0     1     2     0     3     0

     1.242823002000000e+03

     0     1     2     0     3     0

     1.242823002000000e+03

     0     1     2     0     3     0

     1.242823002000000e+03


======================
Generation Number 6

     0     1     2     0     3     0

     1.242823002000000e+03

     0     1     2     0     3     0

     1.242823002000000e+03

     0     1     0     2     3     0

     1.778872922000000e+03

     0     1     2     0     3     0

     1.242823002000000e+03

     0     1     2     0     3     0

     1.242823002000000e+03


======================
Generation Number 7

     0     1     2     0     3     0

     1.242823002000000e+03

     0     1     0     2     3     0

     2.467891504000000e+03

     0     1     0     2     0     3     0

     2.427891504000000e+03

     0     1     2     0     3     0

     1.242823002000000e+03

     0     2     1     0     3     0

     1.242823002000000e+03


======================
Generation Number 8

     0     1     2     0     3     0

     1.242823002000000e+03

     0     1     0     2     3     0

     2.467891504000000e+03

     0     1     2     0     3     0

     1.242823002000000e+03

     0     1     0     2     0     3     0

     2.427891504000000e+03

     0     1     2     0     3     0

     1.242823002000000e+03


======================
Generation Number 9

     0     1     2     0     3     0

     1.242823002000000e+03

     0     1     2     0     3     0

     1.242823002000000e+03

     0     1     0     2     0     3     0

     2.427891504000000e+03

     0     1     2     0     3     0

     1.242823002000000e+03

     0     1     2     0     3     0

     1.242823002000000e+03


======================
Generation Number 10

     0     1     2     0     3     0

     1.242823002000000e+03

     0     1     2     0     3     0

     1.242823002000000e+03

     0     1     2     0     3     0

     1.242823002000000e+03

     0     1     2     0     3     0

     1.242823002000000e+03

     0     1     2     0     3     0

     1.242823002000000e+03


======================
Generation Number 11

     0     1     0     2     0     3     0

     2.427891504000000e+03

     0     1     2     0     3     0

     1.242823002000000e+03

     0     1     2     0     3     0

     1.242823002000000e+03

     0     1     2     0     3     0

     1.242823002000000e+03

     0     1     2     0     3     0

     1.242823002000000e+03


======================
Generation Number 12

     0     1     0     2     0     3     0

     2.427891504000000e+03

     0     1     2     0     3     0

     1.242823002000000e+03

     0     1     0     2     3     0

     2.467891504000000e+03

     0     1     2     0     3     0

     1.242823002000000e+03

     0     1     2     0     3     0

     1.242823002000000e+03


======================
Generation Number 13

     0     1     2     0     3     0

     1.242823002000000e+03

     0     1     2     0     3     0

     1.242823002000000e+03

     0     1     2     0     3     0

     1.242823002000000e+03

     0     1     2     0     3     0

     1.242823002000000e+03

     0     1     2     0     3     0

     1.242823002000000e+03


======================
Generation Number 14

     0     1     2     0     3     0

     1.242823002000000e+03

     0     1     2     0     3     0

     1.242823002000000e+03

     0     1     2     0     3     0

     1.242823002000000e+03

     0     1     2     0     3     0

     1.242823002000000e+03

     0     1     2     0     3     0

     1.242823002000000e+03

     0     1     2     0     3     0

Population Converged!
Number of Iterations: 14
Best Value: 1242.823002000000100
Worst Value: 1242.823002000000100
Mean: 1242.823002000000100
Running Time for this trial: 2.127180842666667e+01



Best OverAll Value: 1242.823002000000100
Mean: 1243.619952000000000
Median: 1242.823002000000100
Standard Deviation:2.390850000000000
Worst Best Overall Value: 1249.995552000000100
Number of Converged Runs: 9
Ratio of Convergence: 9.000000000000000e-01
Total Running Time for all trials: 1.844026218666667e+02
Average running time: 1.844026218666667e+01


MaxIt: 50


Trial: 1


======================
Generation Number 1

     0     2     0     3     1     0

     1.249995552000000e+03

     0     1     0     3     2     0

     2.467891504000000e+03

     0     2     0     1     0     3     0

     2.427891504000000e+03

     0     3     0     1     0     2     0

     2.427891504000000e+03

     0     2     0     1     3     0

     1.249995552000000e+03


======================
Generation Number 2

     0     3     0     1     2     0

     1.242823002000000e+03

     0     3     0     1     2     0

     1.242823002000000e+03

     0     1     2     0     3     0

     1.242823002000000e+03

     0     1     2     0     3     0

     1.242823002000000e+03

     0     3     0     1     2     0

     1.242823002000000e+03


======================
Generation Number 3

     0     3     0     1     2     0

     1.242823002000000e+03

     0     3     0     2     1     0

     1.242823002000000e+03

     0     3     1     0     2     0

     1.249995552000000e+03

     0     3     0     1     2     0

     1.242823002000000e+03

     0     3     0     1     2     0

     1.242823002000000e+03


======================
Generation Number 4

     0     3     0     1     2     0

     1.242823002000000e+03

     0     3     0     2     1     0

     1.242823002000000e+03

     0     3     0     1     2     0

     1.242823002000000e+03

     0     3     0     1     2     0

     1.242823002000000e+03

     0     2     3     1     0

     1.722823002000000e+03


======================
Generation Number 5

     0     3     0     1     0     2     0

     2.427891504000000e+03

     0     1     0     3     0     2     0

     2.427891504000000e+03

     0     2     0     3     1     0

     1.249995552000000e+03

     0     1     0     2     0     3     0

     2.427891504000000e+03

     0     2     0     3     1     0

     1.249995552000000e+03


======================
Generation Number 6

     0     3     0     1     0     2     0

     2.427891504000000e+03

     0     1     2     0     3     0

     1.242823002000000e+03

     0     1     2     0     3     0

     1.242823002000000e+03

     0     1     0     2     0     3     0

     2.427891504000000e+03

     0     3     1     0     2     0

     1.249995552000000e+03


======================
Generation Number 7

     0     3     0     1     2     0

     1.242823002000000e+03

     0     3     0     2     1     0

     1.242823002000000e+03

     0     1     3     0     2     0

     1.249995552000000e+03

     0     3     0     1     2     0

     1.242823002000000e+03

     0     3     1     0     2     0

     1.249995552000000e+03


======================
Generation Number 8

     0     3     0     1     2     0

     1.242823002000000e+03

     0     3     0     2     1     0

     1.242823002000000e+03

     0     3     0     1     2     0

     1.242823002000000e+03

     0     3     0     1     2     0

     1.242823002000000e+03

     0     3     0     1     2     0

     1.242823002000000e+03


======================
Generation Number 9

     0     3     0     1     2     0

     1.242823002000000e+03

     0     3     0     1     0     2     0

     2.427891504000000e+03

     0     3     0     1     2     0

     1.242823002000000e+03

     0     1     2     0     3     0

     1.242823002000000e+03

     0     2     3     1     0

     2.907891504000000e+03


======================
Generation Number 10

     0     3     0     1     2     0

     1.242823002000000e+03

     0     3     0     1     2     0

     1.242823002000000e+03

     0     1     2     3     0

     2.218872922000000e+03

     0     1     0     3     2     0

     1.778872922000000e+03

     0     3     0     2     1     0

     1.242823002000000e+03


======================
Generation Number 11

     0     3     0     1     2     0

     1.242823002000000e+03

     0     3     0     1     2     0

     1.242823002000000e+03

     0     1     2     0     3     0

     1.242823002000000e+03

     0     3     0     1     2     0

     1.242823002000000e+03

     0     3     1     0     2     0

     1.249995552000000e+03


======================
Generation Number 12

     0     3     0     1     2     0

     1.242823002000000e+03

     0     1     3     0     2     0

     1.249995552000000e+03

     0     3     0     1     2     0

     1.242823002000000e+03

     0     3     0     1     2     0

     1.242823002000000e+03

     0     3     1     0     2     0

     1.249995552000000e+03


======================
Generation Number 13

     0     3     0     1     2     0

     1.242823002000000e+03

     0     3     0     1     2     0

     1.242823002000000e+03

     0     3     1     0     2     0

     1.249995552000000e+03

     0     3     0     1     2     0

     1.242823002000000e+03

     0     2     3     1     0

     1.729995552000000e+03


======================
Generation Number 14

     0     3     0     1     2     0

     1.242823002000000e+03

     0     3     0     1     2     0

     1.242823002000000e+03

     0     1     2     0     3     0

     1.242823002000000e+03

     0     1     0     2     3     0

     1.778872922000000e+03

     0     3     0     1     2     0

     1.242823002000000e+03


======================
Generation Number 15

     0     3     0     1     2     0

     1.242823002000000e+03

     0     3     0     1     2     0

     1.242823002000000e+03

     0     3     0     1     2     0

     1.242823002000000e+03

     0     3     0     1     2     0

     1.242823002000000e+03

     0     3     0     1     2     0

     1.242823002000000e+03


======================
Generation Number 16

     0     3     0     1     2     0

     1.242823002000000e+03

     0     3     0     1     2     0

     1.242823002000000e+03

     0     3     0     1     2     0

     1.242823002000000e+03

     0     1     2     0     3     0

     1.242823002000000e+03

     0     3     0     1     2     0

     1.242823002000000e+03

     0     3     0     1     2     0

Population Converged!
Number of Iterations: 16
Best Value: 1242.823002000000100
Worst Value: 1242.823002000000100
Mean: 1242.823002000000100
Running Time for this trial: 2.608173482666667e+01


Trial: 2


======================
Generation Number 1

     0     2     1     0     3     0

     1.242823002000000e+03

     0     2     3     0     1     0

     1.778872922000000e+03

     0     2     0     1     3     0

     1.249995552000000e+03

     0     1     0     2     3     0

     1.778872922000000e+03

     0     2     0     1     3     0

     1.249995552000000e+03


======================
Generation Number 2

     0     3     0     2     1     0

     1.242823002000000e+03

     0     3     0     2     1     0

     1.242823002000000e+03

     0     2     3     0     1     0

     1.778872922000000e+03

     0     1     2     0     3     0

     1.242823002000000e+03

     0     3     2     1     0

     2.218872922000000e+03


======================
Generation Number 3

     0     2     1     0     3     0

     1.242823002000000e+03

     0     1     2     0     3     0

     1.242823002000000e+03

     0     2     1     0     3     0

     1.242823002000000e+03

     0     1     2     0     3     0

     1.242823002000000e+03

     0     2     1     0     3     0

     1.242823002000000e+03


======================
Generation Number 4

     0     2     1     0     3     0

     1.242823002000000e+03

     0     2     1     0     3     0

     1.242823002000000e+03

     0     1     0     2     3     0

     1.778872922000000e+03

     0     2     1     0     3     0

     1.242823002000000e+03

     0     2     1     0     3     0

     1.242823002000000e+03


======================
Generation Number 5

     0     2     1     0     3     0

     1.242823002000000e+03

     0     3     2     1     0

     1.722823002000000e+03

     0     2     1     0     3     0

     1.242823002000000e+03

     0     1     2     0     3     0

     1.242823002000000e+03

     0     2     1     3     0

     1.722823002000000e+03


======================
Generation Number 6

     0     3     0     1     2     0

     1.242823002000000e+03

     0     3     0     1     2     0

     1.242823002000000e+03

     0     2     3     0     1     0

     1.778872922000000e+03

     0     1     2     0     3     0

     1.242823002000000e+03

     0     3     2     1     0

     2.218872922000000e+03


======================
Generation Number 7

     0     1     2     0     3     0

     1.242823002000000e+03

     0     1     2     0     3     0

     1.242823002000000e+03

     0     2     1     0     3     0

     1.242823002000000e+03

     0     1     2     0     3     0

     1.242823002000000e+03

     0     2     0     1     0     3     0

     2.427891504000000e+03


======================
Generation Number 8

     0     2     1     0     3     0

     1.242823002000000e+03

     0     3     0     1     2     0

     1.242823002000000e+03

     0     2     1     0     3     0

     1.242823002000000e+03

     0     1     2     0     3     0

     1.242823002000000e+03

     0     2     1     0     3     0

     1.242823002000000e+03


======================
Generation Number 9

     0     2     1     0     3     0

     1.242823002000000e+03

     0     2     1     0     3     0

     1.242823002000000e+03

     0     1     2     3     0

     2.907891504000000e+03

     0     1     2     0     3     0

     1.242823002000000e+03

     0     2     0     1     0     3     0

     2.427891504000000e+03


======================
Generation Number 10

     0     2     1     0     3     0

     1.242823002000000e+03

     0     2     1     0     3     0

     1.242823002000000e+03

     0     3     0     2     1     0

     1.242823002000000e+03

     0     1     2     0     3     0

     1.242823002000000e+03

     0     2     1     0     3     0

     1.242823002000000e+03


======================
Generation Number 11

     0     2     1     0     3     0

     1.242823002000000e+03

     0     3     0     1     0     2     0

     2.427891504000000e+03

     0     2     0     1     3     0

     1.249995552000000e+03

     0     2     1     0     3     0

     1.242823002000000e+03

     0     2     1     3     0

     2.907891504000000e+03


======================
Generation Number 12

     0     1     2     0     3     0

     1.242823002000000e+03

     0     3     0     1     0     2     0

     2.427891504000000e+03

     0     2     0     1     0     3     0

     2.427891504000000e+03

     0     1     2     0     3     0

     1.242823002000000e+03

     0     2     1     0     3     0

     1.242823002000000e+03


======================
Generation Number 13

     0     3     0     2     1     0

     1.242823002000000e+03

     0     3     0     2     1     0

     1.242823002000000e+03

     0     2     1     0     3     0

     1.242823002000000e+03

     0     1     2     0     3     0

     1.242823002000000e+03

     0     2     0     1     0     3     0

     2.427891504000000e+03


======================
Generation Number 14

     0     2     1     0     3     0

     1.242823002000000e+03

     0     2     1     0     3     0

     1.242823002000000e+03

     0     2     0     3     1     0

     1.249995552000000e+03

     0     1     2     0     3     0

     1.242823002000000e+03

     0     2     1     0     3     0

     1.242823002000000e+03


======================
Generation Number 15

     0     2     1     0     3     0

     1.242823002000000e+03

     0     2     0     1     0     3     0

     2.427891504000000e+03

     0     2     3     0     1     0

     2.467891504000000e+03

     0     1     2     0     3     0

     1.242823002000000e+03

     0     2     1     0     3     0

     1.242823002000000e+03


======================
Generation Number 16

     0     2     1     0     3     0

     1.242823002000000e+03

     0     2     1     0     3     0

     1.242823002000000e+03

     0     2     1     0     3     0

     1.242823002000000e+03

     0     1     2     0     3     0

     1.242823002000000e+03

     0     3     2     1     0

     1.722823002000000e+03


======================
Generation Number 17

     0     3     0     1     2     0

     1.242823002000000e+03

     0     3     0     1     2     0

     1.242823002000000e+03

     0     2     1     0     3     0

     1.242823002000000e+03

     0     1     2     0     3     0

     1.242823002000000e+03

     0     3     2     1     0

     1.722823002000000e+03


======================
Generation Number 18

     0     3     0     2     1     0

     1.242823002000000e+03

     0     3     0     2     1     0

     1.242823002000000e+03

     0     2     0     1     3     0

     1.249995552000000e+03

     0     1     2     0     3     0

     1.242823002000000e+03

     0     2     1     0     3     0

     1.242823002000000e+03


======================
Generation Number 19

     0     2     1     0     3     0

     1.242823002000000e+03

     0     3     0     2     1     0

     1.242823002000000e+03

     0     2     1     0     3     0

     1.242823002000000e+03

     0     1     2     0     3     0

     1.242823002000000e+03

     0     2     1     0     3     0

     1.242823002000000e+03


======================
Generation Number 20

     0     2     1     0     3     0

     1.242823002000000e+03

     0     2     1     0     3     0

     1.242823002000000e+03

     0     2     1     0     3     0

     1.242823002000000e+03

     0     1     2     0     3     0

     1.242823002000000e+03

     0     2     1     0     3     0

     1.242823002000000e+03

     0     2     1     0     3     0

Population Converged!
Number of Iterations: 20
Best Value: 1242.823002000000100
Worst Value: 1242.823002000000100
Mean: 1242.823002000000100
Running Time for this trial: 2.169695744000000e+01


Trial: 3


======================
Generation Number 1

     0     1     3     0     2     0

     1.249995552000000e+03

     0     3     2     0     1     0

     1.778872922000000e+03

     0     3     0     1     2     0

     1.242823002000000e+03

     0     2     3     0     1     0

     1.778872922000000e+03

     0     3     2     1     0

     2.218872922000000e+03


======================
Generation Number 2

     0     3     0     2     0     1     0

     2.427891504000000e+03

     0     3     0     1     2     0

     1.242823002000000e+03

     0     3     2     0     1     0

     2.467891504000000e+03

     0     3     0     2     0     1     0

     2.427891504000000e+03

     0     3     1     2     0

     2.907891504000000e+03


======================
Generation Number 3

     0     3     0     1     2     0

     1.242823002000000e+03

     0     3     0     1     2     0

     1.242823002000000e+03

     0     3     0     2     1     0

     1.242823002000000e+03

     0     3     0     1     2     0

     1.242823002000000e+03

     0     3     0     1     2     0

     1.242823002000000e+03


======================
Generation Number 4

     0     3     1     0     2     0

     1.249995552000000e+03

     0     3     0     1     2     0

     1.242823002000000e+03

     0     3     0     1     0     2     0

     2.427891504000000e+03

     0     3     0     1     0     2     0

     2.427891504000000e+03

     0     3     0     1     2     0

     1.242823002000000e+03


======================
Generation Number 5

     0     3     0     1     2     0

     1.242823002000000e+03

     0     3     0     1     2     0

     1.242823002000000e+03

     0     3     0     1     2     0

     1.242823002000000e+03

     0     3     0     1     2     0

     1.242823002000000e+03

     0     3     0     1     2     0

     1.242823002000000e+03


======================
Generation Number 6

     0     3     0     2     0     1     0

     2.427891504000000e+03

     0     3     2     0     1     0

     2.467891504000000e+03

     0     3     0     1     2     0

     1.242823002000000e+03

     0     3     2     0     1     0

     2.467891504000000e+03

     0     3     0     1     2     0

     1.242823002000000e+03


======================
Generation Number 7

     0     3     0     2     0     1     0

     2.427891504000000e+03

     0     3     1     0     2     0

     1.249995552000000e+03

     0     3     0     1     2     0

     1.242823002000000e+03

     0     3     0     1     2     0

     1.242823002000000e+03

     0     2     3     0     1     0

     2.467891504000000e+03


======================
Generation Number 8

     0     3     1     0     2     0

     1.249995552000000e+03

     0     3     1     0     2     0

     1.249995552000000e+03

     0     3     0     2     0     1     0

     2.427891504000000e+03

     0     3     0     1     2     0

     1.242823002000000e+03

     0     3     0     1     2     0

     1.242823002000000e+03


======================
Generation Number 9

     0     3     0     2     1     0

     1.242823002000000e+03

     0     3     0     2     1     0

     1.242823002000000e+03

     0     3     0     1     2     0

     1.242823002000000e+03

     0     3     0     1     2     0

     1.242823002000000e+03

     0     3     0     1     2     0

     1.242823002000000e+03


======================
Generation Number 10

     0     3     1     0     2     0

     1.249995552000000e+03

     0     3     0     1     2     0

     1.242823002000000e+03

     0     3     0     1     2     0

     1.242823002000000e+03

     0     3     0     1     0     2     0

     2.427891504000000e+03

     0     3     0     2     1     0

     1.242823002000000e+03


======================
Generation Number 11

     0     3     0     1     2     0

     1.242823002000000e+03

     0     3     0     1     2     0

     1.242823002000000e+03

     0     3     0     1     2     0

     1.242823002000000e+03

     0     3     0     1     2     0

     1.242823002000000e+03

     0     3     0     2     1     0

     1.242823002000000e+03


======================
Generation Number 12

     0     3     0     2     1     0

     1.242823002000000e+03

     0     3     0     1     2     0

     1.242823002000000e+03

     0     3     0     1     2     0

     1.242823002000000e+03

     0     3     0     1     2     0

     1.242823002000000e+03

     0     3     0     1     2     0

     1.242823002000000e+03

     0     3     0     1     2     0

Population Converged!
Number of Iterations: 12
Best Value: 1242.823002000000100
Worst Value: 1242.823002000000100
Mean: 1242.823002000000100
Running Time for this trial: 1.337936512000000e+01


Trial: 4


======================
Generation Number 1

     0     2     0     1     3     0

     1.249995552000000e+03

     0     1     2     3     0

     2.218872922000000e+03

     0     2     0     1     3     0

     1.249995552000000e+03

     0     3     1     2     0

     2.218872922000000e+03

     0     1     0     3     2     0

     1.778872922000000e+03


======================
Generation Number 2

     0     2     1     0     3     0

     1.242823002000000e+03

     0     2     1     0     3     0

     1.242823002000000e+03

     0     2     1     0     3     0

     1.242823002000000e+03

     0     1     0     2     3     0

     1.778872922000000e+03

     0     2     3     1     0

     2.218872922000000e+03


======================
Generation Number 3

     0     2     1     0     3     0

     1.242823002000000e+03

     0     2     1     0     3     0

     1.242823002000000e+03

     0     2     1     0     3     0

     1.242823002000000e+03

     0     2     1     0     3     0

     1.242823002000000e+03

     0     2     1     0     3     0

     1.242823002000000e+03


======================
Generation Number 4

     0     2     1     0     3     0

     1.242823002000000e+03

     0     2     1     0     3     0

     1.242823002000000e+03

     0     2     1     0     3     0

     1.242823002000000e+03

     0     2     1     0     3     0

     1.242823002000000e+03

     0     1     2     0     3     0

     1.242823002000000e+03

     0     1     2     0     3     0

Population Converged!
Number of Iterations: 4
Best Value: 1242.823002000000100
Worst Value: 1242.823002000000100
Mean: 1242.823002000000100
Running Time for this trial: 5.308029440000000e+00


Trial: 5


======================
Generation Number 1

     0     2     3     0     1     0

     2.467891504000000e+03

     0     1     0     3     0     2     0

     2.427891504000000e+03

     0     2     0     3     1     0

     1.249995552000000e+03

     0     1     0     2     3     0

     2.467891504000000e+03

     0     2     1     3     0

     2.907891504000000e+03


======================
Generation Number 2

     0     2     3     0     1     0

     1.778872922000000e+03

     0     2     0     1     3     0

     1.249995552000000e+03

     0     2     3     0     1     0

     1.778872922000000e+03

     0     1     0     2     3     0

     1.778872922000000e+03

     0     1     2     3     0

     2.218872922000000e+03


======================
Generation Number 3

     0     2     0     1     3     0

     1.249995552000000e+03

     0     2     0     1     3     0

     1.249995552000000e+03

     0     2     3     0     1     0

     1.778872922000000e+03

     0     1     0     2     3     0

     1.778872922000000e+03

     0     2     3     0     1     0

     1.778872922000000e+03


======================
Generation Number 4

     0     2     0     3     1     0

     1.249995552000000e+03

     0     2     0     1     3     0

     1.249995552000000e+03

     0     2     0     1     3     0

     1.249995552000000e+03

     0     2     0     1     3     0

     1.249995552000000e+03

     0     2     0     3     1     0

     1.249995552000000e+03


======================
Generation Number 5

     0     2     1     0     3     0

     1.242823002000000e+03

     0     3     1     0     2     0

     1.249995552000000e+03

     0     2     1     0     3     0

     1.242823002000000e+03

     0     2     0     1     3     0

     1.249995552000000e+03

     0     2     3     0     1     0

     1.778872922000000e+03


======================
Generation Number 6

     0     1     0     2     3     0

     2.467891504000000e+03

     0     1     3     0     2     0

     1.249995552000000e+03

     0     2     0     1     0     3     0

     2.427891504000000e+03

     0     2     0     3     1     0

     1.249995552000000e+03

     0     1     3     0     2     0

     1.249995552000000e+03


======================
Generation Number 7

     0     2     1     0     3     0

     1.242823002000000e+03

     0     2     0     1     3     0

     1.249995552000000e+03

     0     2     1     0     3     0

     1.242823002000000e+03

     0     1     0     2     3     0

     1.778872922000000e+03

     0     2     0     1     3     0

     1.249995552000000e+03


======================
Generation Number 8

     0     2     1     0     3     0

     1.242823002000000e+03

     0     2     0     1     3     0

     1.249995552000000e+03

     0     2     0     1     3     0

     1.249995552000000e+03

     0     2     1     0     3     0

     1.242823002000000e+03

     0     2     0     3     1     0

     1.249995552000000e+03


======================
Generation Number 9

     0     2     1     0     3     0

     1.242823002000000e+03

     0     2     1     0     3     0

     1.242823002000000e+03

     0     2     0     1     3     0

     1.249995552000000e+03

     0     2     1     0     3     0

     1.242823002000000e+03

     0     2     0     3     1     0

     1.249995552000000e+03


======================
Generation Number 10

     0     2     0     1     3     0

     1.249995552000000e+03

     0     2     1     0     3     0

     1.242823002000000e+03

     0     2     1     0     3     0

     1.242823002000000e+03

     0     2     1     0     3     0

     1.242823002000000e+03

     0     2     1     0     3     0

     1.242823002000000e+03


======================
Generation Number 11

     0     2     1     0     3     0

     1.242823002000000e+03

     0     2     1     0     3     0

     1.242823002000000e+03

     0     2     1     0     3     0

     1.242823002000000e+03

     0     2     1     0     3     0

     1.242823002000000e+03

     0     1     3     0     2     0

     1.249995552000000e+03


======================
Generation Number 12

     0     2     1     0     3     0

     1.242823002000000e+03

     0     2     1     0     3     0

     1.242823002000000e+03

     0     2     1     0     3     0

     1.242823002000000e+03

     0     2     1     0     3     0

     1.242823002000000e+03

     0     2     1     0     3     0

     1.242823002000000e+03


======================
Generation Number 13

     0     2     1     0     3     0

     1.242823002000000e+03

     0     2     1     0     3     0

     1.242823002000000e+03

     0     2     1     0     3     0

     1.242823002000000e+03

     0     2     1     0     3     0

     1.242823002000000e+03

     0     2     1     0     3     0

     1.242823002000000e+03

     0     2     1     0     3     0

Population Converged!
Number of Iterations: 13
Best Value: 1242.823002000000100
Worst Value: 1242.823002000000100
Mean: 1242.823002000000100
Running Time for this trial: 1.449250944000000e+01


Trial: 6


======================
Generation Number 1

     0     3     1     0     2     0

     1.249995552000000e+03

     0     1     2     0     3     0

     1.242823002000000e+03

     0     3     0     2     1     0

     1.242823002000000e+03

     0     3     2     1     0

     1.729995552000000e+03

     0     3     2     1     0

     1.729995552000000e+03


======================
Generation Number 2

     0     3     0     2     1     0

     1.242823002000000e+03

     0     3     0     2     1     0

     1.242823002000000e+03

     0     3     0     1     2     0

     1.242823002000000e+03

     0     1     0     2     3     0

     1.778872922000000e+03

     0     3     2     1     0

     2.218872922000000e+03


======================
Generation Number 3

     0     3     0     2     1     0

     1.242823002000000e+03

     0     3     0     2     1     0

     1.242823002000000e+03

     0     3     1     0     2     0

     1.249995552000000e+03

     0     3     0     2     1     0

     1.242823002000000e+03

     0     1     2     0     3     0

     1.242823002000000e+03


======================
Generation Number 4

     0     2     1     0     3     0

     1.242823002000000e+03

     0     1     2     0     3     0

     1.242823002000000e+03

     0     2     1     0     3     0

     1.242823002000000e+03

     0     1     2     3     0

     1.722823002000000e+03

     0     1     2     3     0

     1.722823002000000e+03


======================
Generation Number 5

     0     1     2     0     3     0

     1.242823002000000e+03

     0     1     2     0     3     0

     1.242823002000000e+03

     0     2     0     1     0     3     0

     2.427891504000000e+03

     0     3     0     2     1     0

     1.242823002000000e+03

     0     1     2     0     3     0

     1.242823002000000e+03


======================
Generation Number 6

     0     1     2     0     3     0

     1.242823002000000e+03

     0     1     0     2     0     3     0

     2.427891504000000e+03

     0     1     2     0     3     0

     1.242823002000000e+03

     0     3     2     1     0

     2.907891504000000e+03

     0     3     1     2     0

     2.907891504000000e+03


======================
Generation Number 7

     0     3     0     2     1     0

     1.242823002000000e+03

     0     3     0     2     1     0

     1.242823002000000e+03

     0     3     0     1     2     0

     1.242823002000000e+03

     0     2     0     3     1     0

     1.249995552000000e+03

     0     1     2     0     3     0

     1.242823002000000e+03


======================
Generation Number 8

     0     3     0     2     0     1     0

     2.427891504000000e+03

     0     3     0     1     2     0

     1.242823002000000e+03

     0     3     0     2     1     0

     1.242823002000000e+03

     0     1     2     0     3     0

     1.242823002000000e+03

     0     3     0     1     2     0

     1.242823002000000e+03


======================
Generation Number 9

     0     3     0     2     1     0

     1.242823002000000e+03

     0     1     2     0     3     0

     1.242823002000000e+03

     0     3     0     2     1     0

     1.242823002000000e+03

     0     3     0     2     1     0

     1.242823002000000e+03

     0     1     2     0     3     0

     1.242823002000000e+03


======================
Generation Number 10

     0     2     1     0     3     0

     1.242823002000000e+03

     0     1     2     0     3     0

     1.242823002000000e+03

     0     2     1     0     3     0

     1.242823002000000e+03

     0     2     1     0     3     0

     1.242823002000000e+03

     0     1     2     0     3     0

     1.242823002000000e+03

     0     1     2     0     3     0

Population Converged!
Number of Iterations: 10
Best Value: 1242.823002000000100
Worst Value: 1242.823002000000100
Mean: 1242.823002000000100
Running Time for this trial: 1.133061162666667e+01


Trial: 7


======================
Generation Number 1

     0     1     2     3     0

     2.907891504000000e+03

     0     3     0     2     0     1     0

     2.427891504000000e+03

     0     2     0     3     1     0

     1.249995552000000e+03

     0     3     2     1     0

     2.907891504000000e+03

     0     1     2     3     0

     2.907891504000000e+03


======================
Generation Number 2

     0     2     1     0     3     0

     1.242823002000000e+03

     0     2     1     0     3     0

     1.242823002000000e+03

     0     2     1     0     3     0

     1.242823002000000e+03

     0     3     0     2     1     0

     1.242823002000000e+03

     0     3     0     1     2     0

     1.242823002000000e+03


======================
Generation Number 3

     0     3     1     0     2     0

     1.249995552000000e+03

     0     1     0     2     0     3     0

     2.427891504000000e+03

     0     1     2     3     0

     2.907891504000000e+03

     0     3     0     2     1     0

     1.242823002000000e+03

     0     3     1     0     2     0

     1.249995552000000e+03


======================
Generation Number 4

     0     2     1     0     3     0

     1.242823002000000e+03

     0     1     0     2     0     3     0

     2.427891504000000e+03

     0     2     1     0     3     0

     1.242823002000000e+03

     0     3     0     2     1     0

     1.242823002000000e+03

     0     3     1     2     0

     2.907891504000000e+03


======================
Generation Number 5

     0     2     1     0     3     0

     1.242823002000000e+03

     0     2     1     0     3     0

     1.242823002000000e+03

     0     2     1     0     3     0

     1.242823002000000e+03

     0     2     1     0     3     0

     1.242823002000000e+03

     0     1     2     0     3     0

     1.242823002000000e+03


======================
Generation Number 6

     0     2     1     0     3     0

     1.242823002000000e+03

     0     2     1     0     3     0

     1.242823002000000e+03

     0     2     1     0     3     0

     1.242823002000000e+03

     0     1     2     0     3     0

     1.242823002000000e+03

     0     2     1     0     3     0

     1.242823002000000e+03

     0     2     1     0     3     0

Population Converged!
Number of Iterations: 6
Best Value: 1242.823002000000100
Worst Value: 1242.823002000000100
Mean: 1242.823002000000100
Running Time for this trial: 7.339480320000000e+00


Trial: 8


======================
Generation Number 1

     0     2     0     1     3     0

     1.249995552000000e+03

     0     1     0     3     0     2     0

     2.427891504000000e+03

     0     3     0     1     2     0

     1.242823002000000e+03

     0     1     2     0     3     0

     1.242823002000000e+03

     0     3     2     1     0

     2.907891504000000e+03


======================
Generation Number 2

     0     2     0     1     3     0

     1.249995552000000e+03

     0     3     0     1     0     2     0

     2.427891504000000e+03

     0     3     1     2     0

     2.907891504000000e+03

     0     1     0     2     3     0

     2.467891504000000e+03

     0     3     0     1     0     2     0

     2.427891504000000e+03


======================
Generation Number 3

     0     3     0     1     0     2     0

     2.427891504000000e+03

     0     1     3     2     0

     2.907891504000000e+03

     0     3     1     2     0

     2.907891504000000e+03

     0     3     0     1     0     2     0

     2.427891504000000e+03

     0     3     0     1     0     2     0

     2.427891504000000e+03


======================
Generation Number 4

     0     3     1     0     2     0

     1.249995552000000e+03

     0     1     0     2     3     0

     2.467891504000000e+03

     0     3     0     1     2     0

     1.242823002000000e+03

     0     3     0     1     2     0

     1.242823002000000e+03

     0     3     0     1     0     2     0

     2.427891504000000e+03


======================
Generation Number 5

     0     3     0     1     2     0

     1.242823002000000e+03

     0     3     1     0     2     0

     1.249995552000000e+03

     0     3     0     1     2     0

     1.242823002000000e+03

     0     3     0     1     2     0

     1.242823002000000e+03

     0     3     0     1     2     0

     1.242823002000000e+03


======================
Generation Number 6

     0     3     0     1     0     2     0

     2.427891504000000e+03

     0     3     0     1     0     2     0

     2.427891504000000e+03

     0     1     3     2     0

     2.907891504000000e+03

     0     1     0     2     0     3     0

     2.427891504000000e+03

     0     3     1     2     0

     2.907891504000000e+03


======================
Generation Number 7

     0     3     0     2     1     0

     1.242823002000000e+03

     0     3     0     2     1     0

     1.242823002000000e+03

     0     1     3     0     2     0

     1.249995552000000e+03

     0     3     0     1     2     0

     1.242823002000000e+03

     0     3     0     1     2     0

     1.242823002000000e+03


======================
Generation Number 8

     0     3     0     1     2     0

     1.242823002000000e+03

     0     1     2     3     0

     2.907891504000000e+03

     0     3     1     2     0

     2.907891504000000e+03

     0     3     0     1     2     0

     1.242823002000000e+03

     0     3     0     1     0     2     0

     2.427891504000000e+03


======================
Generation Number 9

     0     3     0     1     2     0

     1.242823002000000e+03

     0     3     0     1     2     0

     1.242823002000000e+03

     0     3     1     0     2     0

     1.249995552000000e+03

     0     1     3     0     2     0

     1.249995552000000e+03

     0     3     0     1     0     2     0

     2.427891504000000e+03


======================
Generation Number 10

     0     3     0     1     2     0

     1.242823002000000e+03

     0     3     0     1     2     0

     1.242823002000000e+03

     0     1     3     2     0

     2.218872922000000e+03

     0     1     0     2     3     0

     1.778872922000000e+03

     0     3     0     1     2     0

     1.242823002000000e+03


======================
Generation Number 11

     0     3     0     1     2     0

     1.242823002000000e+03

     0     3     0     1     2     0

     1.242823002000000e+03

     0     1     0     3     2     0

     1.778872922000000e+03

     0     3     0     1     2     0

     1.242823002000000e+03

     0     3     1     2     0

     2.218872922000000e+03


======================
Generation Number 12

     0     3     0     1     2     0

     1.242823002000000e+03

     0     1     2     3     0

     2.218872922000000e+03

     0     1     0     3     2     0

     1.778872922000000e+03

     0     3     0     1     2     0

     1.242823002000000e+03

     0     3     0     1     2     0

     1.242823002000000e+03


======================
Generation Number 13

     0     3     0     1     2     0

     1.242823002000000e+03

     0     2     1     3     0

     2.907891504000000e+03

     0     3     0     1     2     0

     1.242823002000000e+03

     0     3     0     1     2     0

     1.242823002000000e+03

     0     3     0     1     0     2     0

     2.427891504000000e+03


======================
Generation Number 14

     0     3     0     1     2     0

     1.242823002000000e+03

     0     2     1     3     0

     1.729995552000000e+03

     0     3     0     1     2     0

     1.242823002000000e+03

     0     1     2     0     3     0

     1.242823002000000e+03

     0     3     1     0     2     0

     1.249995552000000e+03


======================
Generation Number 15

     0     3     0     2     1     0

     1.242823002000000e+03

     0     3     0     2     1     0

     1.242823002000000e+03

     0     3     1     0     2     0

     1.249995552000000e+03

     0     1     2     0     3     0

     1.242823002000000e+03

     0     3     0     1     2     0

     1.242823002000000e+03

{Operation terminated by user during <a href="matlab:matlab.internal.language.introspective.errorDocCallback('PSO_GA_Eval', 'Z:\CMSC FILES\IV-1 CMSC 190\P2\PSO GA\Corrected\New folder\129_min_vec\PSO_GA_Eval.m', 12)" style="font-weight:bold">PSO_GA_Eval</a> (<a href="matlab: opentoline('Z:\CMSC FILES\IV-1 CMSC 190\P2\PSO GA\Corrected\New folder\129_min_vec\PSO_GA_Eval.m',12,0)">line 12</a>)


In <a href="matlab:matlab.internal.language.introspective.errorDocCallback('GA_CrossOver', 'Z:\CMSC FILES\IV-1 CMSC 190\P2\PSO GA\Corrected\New folder\129_min_vec\GA_CrossOver.m', 32)" style="font-weight:bold">GA_CrossOver</a> (<a href="matlab: opentoline('Z:\CMSC FILES\IV-1 CMSC 190\P2\PSO GA\Corrected\New folder\129_min_vec\GA_CrossOver.m',32,0)">line 32</a>)
    [Sib2_FitVal,Sib2_Exc]= PSO_GA_Eval(Sibling2, ProbDim, CustCnt);

In <a href="matlab:matlab.internal.language.introspective.errorDocCallback('PSO_GA', 'Z:\CMSC FILES\IV-1 CMSC 190\P2\PSO GA\Corrected\New folder\129_min_vec\PSO_GA.m', 181)" style="font-weight:bold">PSO_GA</a> (<a href="matlab: opentoline('Z:\CMSC FILES\IV-1 CMSC 190\P2\PSO GA\Corrected\New folder\129_min_vec\PSO_GA.m',181,0)">line 181</a>)
                        SibRep = GA_CrossOver(Parent1, Parent2, GA_cross, ProbDim, DimMinMax,
                        CustCnt);
} 
clc
clc
diary off;
